0.0,0.0,0.0,0.0,0.0,0.0,0.0,0.0,0.0
0.0,0.0,0.0,0.0,0.0,0.0,0.0,0.0,0.0
0.0,0.0,0.0,0.0,0.0,0.0,0.0,0.0,0.0
0.0,0.0,0.0,0.0,0.0,0.0,0.0,0.0,0.0
0.0,0.0,0.0,0.0,0.0,0.0,0.0,0.0,0.0
0.0,0.0,0.0,0.0,0.0,0.0,0.0,0.0,0.0
0.0,0.0,0.0,0.0,0.0,0.0,0.0,0.0,0.0
0.0,0.0,0.0,0.0,0.0,0.0,0.0,0.0,0.0
0.0,0.0,0.0,0.0,0.0,0.0,0.0,0.0,0.0
0.0,0.0,0.0,0.0,0.0,0.0,0.0,0.0,0.0
0.0,0.0,0.0,0.0,0.0,0.0,0.0,0.0,0.0
0.0,0.0,0.0,0.0,0.0,0.0,0.0,0.0,0.0
0.0,0.0,0.0,0.0,0.0,0.0,0.0,0.0,0.0
0.0,0.0,0.0,0.0,0.0,0.0,0.0,0.0,0.0
0.0,0.0,0.0,0.0,0.0,0.0,0.0,0.0,0.0
0.0,0.0,0.0,0.0,0.0,0.0,0.0,0.0,0.0
0.0,0.0,0.0,0.0,0.0,0.0,0.0,0.0,0.0
0.0,0.0,0.0,0.0,0.0,0.0,0.0,0.0,0.0
0.0,0.0,0.0,0.0,0.0,0.0,0.0,0.0,0.0
0.0,0.0,0.0,0.0,0.0,0.0,0.0,0.0,0.0
0.0,0.0,0.0,0.0,0.0,0.0,0.0,0.0,0.0
0.0,0.0,0.0,0.0,0.0,0.0,0.0,0.0,0.0
0.0,0.0,0.0,0.0,0.0,0.0,0.0,0.0,0.0
0.0,0.0,0.0,0.0,0.0,0.0,0.0,0.0,0.0
0.0,0.0,0.0,0.0,0.0,0.0,0.0,0.0,0.0
0.0,0.0,0.0,0.0,0.0,0.0,0.0,0.0,0.0
0.0,0.0,0.0,0.0,0.0,0.0,0.0,0.0,0.0
0.0,0.0,0.0,0.0,0.0,0.0,0.0,0.0,0.0
0.0,0.0,0.0,0.0,0.0,0.0,0.0,0.0,0.0
0.0,0.0,0.0,0.0,0.0,0.0,0.0,0.0,0.0
0.0,0.0,0.0,0.0,0.0,0.0,0.0,0.0,0.0
0.0,0.0,0.0,0.0,0.0,0.0,0.0,0.0,0.0
0.0,0.0,0.0,0.0,0.0,0.0,0.0,0.0,0.0
0.0,0.0,0.0,0.0,0.0,0.0,0.0,0.0,0.0
0.0,0.0,0.0,0.0,0.0,0.0,0.0,0.0,0.0
0.0,0.0,0.0,0.0,0.0,0.0,0.0,0.0,0.0
0.0,0.0,0.0,0.0,0.0,0.0,0.0,0.0,0.0
0.0,0.0,0.0,0.0,0.0,0.0,0.0,0.0,0.0
0.0,0.0,0.0,0.0,0.0,0.0,0.0,0.0,0.0
0.0,0.0,0.0,0.0,0.0,0.0,0.0,0.0,0.0
0.0,0.0,0.0,0.0,0.0,0.0,0.0,0.0,0.0
0.0,0.0,0.0,0.0,0.0,0.0,0.0,0.0,0.0
0.0,0.0,0.0,0.0,0.0,0.0,0.0,0.0,0.0
0.0,0.0,0.0,0.0,0.0,0.0,0.0,0.0,0.0
0.0,0.0,0.0,0.0,0.0,0.0,0.0,0.0,0.0
0.0,0.0,0.0,0.0,0.0,0.0,0.0,0.0,0.0
0.0,0.0,0.0,0.0,0.0,0.0,0.0,0.0,0.0
0.0,0.0,0.0,0.0,0.0,0.0,0.0,0.0,0.0
0.0,0.0,0.0,0.0,0.0,0.0,0.0,0.0,0.0
0.0,0.0,0.0,0.0,0.0,0.0,0.0,0.0,0.0
0.0,0.0,0.0,0.0,0.0,0.0,0.0,0.0,0.0
0.0,0.0,0.0,0.0,0.0,0.0,0.0,0.0,0.0
0.0,0.0,0.0,0.0,0.0,0.0,0.0,0.0,0.0
0.0,0.0,0.0,0.0,0.0,0.0,0.0,0.0,0.0
0.0,0.0,0.0,0.0,0.0,0.0,0.0,0.0,0.0
0.0,0.0,-0.3657950998953083,0.0,0.0,0.0,0.0,0.0,0.0
0.0,0.0,0.0,0.0,0.0,-0.8584777484461489,0.0,0.0,0.0
0.0,0.0,-0.16607092986933938,0.0,-0.36517854984244497,-0.6173553024651779,0.0,0.0,-0.8577539583764617
-0.5627556022394304,0.0,0.0,0.0,-0.8570307785404888,0.0,0.0,-0.6168348048306128,-0.245052961169465
-0.5596584383551796,0.0,0.0,-0.8563082084237367,0.0,-0.2730834620576844,0.0,0.0,-0.6163147460321385
-0.16297283193072037,-0.4352100222406431,0.0,0.0,0.0,0.0,-0.5802258466243155,-0.9225007760696758,0.0
0.0,0.0,0.0,0.0,0.0,0.0,0.0,0.0,0.0
0.0,0.0,0.0,0.0,0.0,0.0,0.0,0.0,0.0
0.0,0.0,-0.8011022312749244,0.0,0.0,0.0,0.0,0.0,0.0
0.0,-0.9488596291332341,-0.971505689723414,0.0,0.0,-0.8698802558083657,0.0,0.0,0.0
-1.1516719838357954,-1.1001395587052518,-0.9016408932533932,-0.4633102091708014,-1.0987391727053235,-0.9517953765512176,-0.24817587850937545,-0.13830315564543677,-1.051531757536997
-0.9421561297392034,-0.639125154268137,-0.9782550599096151,-0.7262592310146232,-0.9651129902362663,-0.9027154681299165,-0.052971573881025774,-0.8314085440406788,-1.0067535221225923
0.0,-0.8505495357854426,-0.5609751975054809,0.0,0.0,-0.16201343458637746,0.0,-0.2612439036956257,-0.3531852908011907
0.0,0.0,0.0,0.0,0.0,0.0,0.0,0.0,0.0
0.0,0.0,0.0,0.0,0.0,0.0,0.0,0.0,0.0
0.0,0.0,0.0,0.0,0.0,0.0,0.0,0.0,0.0
0.0,0.0,-0.8871756663544996,0.0,0.0,0.0,0.0,0.0,0.0
0.0,-0.9014589226772212,-0.9796252668236167,0.0,0.0,-0.927749866759663,0.0,0.0,-0.992477160177944
-1.1027457167382513,-1.117721503538143,-1.101241163917813,-0.47262785805873386,-1.0886274983120081,-1.2908047328577126,-0.07772800105833988,-1.0175178618621794,-1.4367824795323576
-0.6351993753629033,-0.2262506954909259,-0.35110614039285953,0.0,0.0,0.0,0.0,-0.845542474447688,0.0
0.0,0.0,0.0,0.0,0.0,0.0,0.0,0.0,0.0
0.0,0.0,0.0,0.0,0.0,0.0,0.0,0.0,0.0
0.0,0.0,0.0,0.0,0.0,0.0,0.0,0.0,0.0
0.0,0.0,0.0,0.0,0.0,0.0,0.0,0.0,0.0
0.0,0.0,-1.0633842667184965,0.0,0.0,-0.94510872551628,0.0,0.0,-0.6879921469897198
-0.20515637697853173,-0.8992728505155826,-0.8890810013766507,0.0,-1.1002003291160898,-0.9155514703443868,-0.15824675247166525,-0.8653318665023818,-0.5448625099431561
-0.38196910531213635,0.0,-0.8405648889513575,-0.541654983640283,0.0,0.0,0.0,-0.2839229852346194,-0.1449363225008777
0.0,0.0,0.0,0.0,0.0,0.0,0.0,0.0,0.0
0.0,0.0,0.0,0.0,0.0,0.0,0.0,0.0,0.0
0.0,0.0,0.0,0.0,0.0,0.0,0.0,0.0,0.0
0.0,0.0,0.0,0.0,0.0,0.0,0.0,0.0,0.0
0.0,0.0,-0.8562832212451411,0.0,0.0,-1.0096027207557339,0.0,0.0,-1.0058137492664703
-0.40855756077546,-0.9982056918475023,-0.8448918474403858,-0.3385868591099115,-0.9504155618434236,-1.101334833459875,-0.12750463883722635,-1.105491233154056,-0.9845444031853338
0.0,-0.14408310346271752,0.0,-0.5384663395779676,0.0,0.0,-0.28373603203416903,-0.835616605776462,-0.3469844864907572
0.0,0.0,0.0,0.0,0.0,0.0,0.0,0.0,0.0
0.0,0.0,0.0,0.0,0.0,0.0,0.0,0.0,0.0
0.0,0.0,0.0,0.0,0.0,0.0,0.0,0.0,0.0
0.0,0.0,0.0,0.0,0.0,0.0,0.0,0.0,0.0
0.0,0.0,-0.8157589416483009,0.0,0.0,-1.018703942256237,0.0,0.0,-1.0359590113073853
-0.2623719002737909,-1.008333418841919,-1.1004516568090417,-0.4010032201375486,-0.7886752671391247,-0.8563346181272653,0.0,-0.9034382058175056,-0.8534542505958898
0.0,0.0,0.0,-0.490547156366556,0.0,-0.5352964665992077,0.0,-0.8306974524244995,-0.25913558652118684
0.0,0.0,0.0,0.0,0.0,0.0,0.0,0.0,0.0
0.0,0.0,0.0,0.0,0.0,0.0,0.0,0.0,0.0
0.0,0.0,0.0,0.0,0.0,0.0,0.0,0.0,0.0
0.0,0.0,0.0,0.0,0.0,0.0,0.0,0.0,-0.531848618186387
0.0,0.0,-0.9168167719552751,0.0,0.0,-0.6363734807383562,0.0,-0.9029713277158999,-0.8355315223340148
-0.04409567187583105,-1.0013265149612693,-1.190697624391488,-0.5031985510716314,-1.1108229864892627,-1.656465576278051,-1.1111898588720626,-1.0841817471822282,-1.1188698324206492
0.0,-0.5321452542013662,0.0,-0.5224045359533425,0.0,0.0,-0.3046554794596756,-0.15710205098546906,-0.8258072574124421
0.0,0.0,0.0,0.0,0.0,0.0,0.0,0.0,0.0
0.0,0.0,0.0,0.0,0.0,0.0,0.0,0.0,0.0
0.0,0.0,0.0,0.0,0.0,0.0,0.0,0.0,0.0
0.0,0.0,0.0,0.0,0.0,-0.7623857334681068,0.0,-0.7976487350452565,-1.1339871065824105
-0.15705405096188244,-0.011299057028818418,-0.8674844378644954,-0.30715720146886755,-1.0427590545312855,-1.2828241197133936,-1.075377057734694,-1.0998923912876843,-1.0659036302476224
-0.2983083646582468,-0.851731659103755,-1.2449245818427317,-0.8694929677581014,-0.957856046778293,-0.9995262086751161,-0.9926512756075827,-0.8808288582017285,-0.5201031129062891
-0.8209458502667566,0.0,-0.14155346490674728,0.0,0.0,-0.2728472785709362,0.0,0.0,-0.72184998355562
0.0,0.0,0.0,0.0,0.0,0.0,0.0,0.0,0.0
0.0,0.0,0.0,0.0,0.0,0.0,0.0,0.0,-0.26978668756182783
0.0,0.0,0.0,0.0,0.0,0.0,0.0,0.0,-0.5392010897700179
-0.1556511823148479,0.0,-0.5387464846331389,-0.8181807632308856,0.0,0.0,0.0,-0.35194696487110805,0.0
0.0,-0.15551995144683944,0.0,0.0,-0.25806094278462977,-0.5365752490450506,0.0,0.0,-0.35165023531848855
-0.25784336935526636,-0.45725830969274756,0.0,0.0,0.0,0.0,-0.8168017141595173,-0.5317823372363638,0.0
-0.5284729939532213,-0.15321035327915922,-0.24904748571899796,0.0,-0.8161130615174632,-0.3469292087502518,0.0,0.0,0.0
0.0,0.0,0.0,0.0,-0.6211250580687296,-1.0140001026660967,0.0,-0.35518824429649426,0.0
0.0,-0.27988925232909173,0.0,-1.0131451903444906,0.0,-0.8147374975709669,0.0,0.0,-0.23730248080248204
-0.2796532752617599,0.0,0.0,0.0,-1.0122909988069115,-0.6161418045272721,0.0,-0.408125032454128,0.0
-0.6300087126152405,0.0,-1.0114375274456604,-0.8133642521465727,0.0,0.0,0.0,-0.6156223300033917,0.0
-1.429696578654158,-0.9749695624658875,0.0,0.0,0.0,0.0,-0.4074371350208206,0.0,-0.6154670748896195
0.0,-0.4036140603798881,-1.340350393781828,-0.9741475571327997,-0.27894653711487466,-0.6149481692361756,0.0,0.0,0.0
-0.27871135485895393,-1.4385065883837636,0.0,-0.6863699915642134,0.0,0.0,0.0,-1.172560633282127,0.0
0.0,0.0,-0.6426971818713789,-0.6590176684417908,-1.4372937709452962,-0.9475892059303974,0.0,0.0,0.0
0.0,0.0,-0.6584620449034638,0.0,0.0,0.0,0.0,0.0,0.0
0.0,-0.6846354012739274,-0.9459920380755621,0.0,0.0,-0.15020480505963468,0.0,0.0,0.0
-1.4363304167136488,-0.43063199357550014,-0.422331197897136,0.0,0.0,-0.3369452949979757,-0.14859102563279034,0.0,0.0
-1.7497702315945147,-1.6914506449540445,-1.7329971279900827,-1.18525679350712,-1.590745563543301,-1.1011601001314788,-0.5519622031569663,-0.1791928511344922,-0.9624928542686729
-1.8049517185471877,-1.9258124297410717,-1.8142524762472991,-1.8683581595934855,-2.001452049276393,-1.862571327918961,-0.6713772244387357,-1.285896679693999,-1.9222457468374718
-1.8846247927329889,-1.7743132367119945,-1.8500382742977377,-1.8425389261013803,-1.5659063440592922,-1.8279282128434888,-1.24976208949811,-1.6948059802388298,-1.856581286603053
-1.2726735042109123,0.0,-1.5198169530618935,-0.26250910178477843,-0.9518415589573852,-0.43791040916288027,-1.381943840876901,-0.8058526715921481,-0.5833748486280457
0.0,0.0,-0.9356106785239078,0.0,-0.4115930530882207,0.0,-0.2728712778301975,0.0,-1.2182487811512799
0.0,0.0,0.0,0.0,0.0,0.0,0.0,0.0,0.0
0.0,0.0,-0.23412149462357534,0.0,0.0,0.0,0.0,0.0,0.0
0.0,-0.8031384209819313,-0.41055287749457486,0.0,0.0,0.0,0.0,0.0,0.0
-0.604279718295428,-1.2105657282760287,-1.6723296368979468,0.0,0.0,-0.6315311201449529,0.0,0.0,-0.7302323789137201
-1.8297762053294342,-1.7852903246508833,-1.726071216234125,-0.4191612342407246,-0.9999986285849937,-1.6949888209570763,-0.1380741130722197,-0.9999999730709154,-1.5355066493324825
-1.926847753645401,-1.9623239843906992,-1.9804304276784235,-1.3359779015829318,-1.950427343213767,-2.0004707962072885,-1.3187058832511949,-1.8528254898833727,-1.9938999521177607
-1.5611741205036729,-1.5042030715955372,-1.5672673718032637,-1.6776422926661756,-1.5802807620993349,-0.9557917126767785,-1.5863846322957784,-1.248552129149547,-0.5776628880371059
-1.43594766197442,-0.9284558294475229,0.0,-0.13790018072916846,-0.21399978510668474,0.0,0.0,0.0,-0.33209461933664153
0.0,0.0,0.0,0.0,0.0,0.0,0.0,0.0,0.0
0.0,0.0,0.0,0.0,0.0,0.0,0.0,0.0,0.0
0.0,0.0,0.0,0.0,0.0,0.0,0.0,0.0,0.0
0.0,-0.8372969328502733,-0.8752516744953601,0.0,0.0,-0.7733041207754634,0.0,0.0,-0.5774616590380428
-1.0212995006206145,-1.658834105951529,-1.8180051811578153,-0.17119256988089798,-1.0390296892962851,-1.5513494561275165,-0.14019104579626696,-1.0022315727945703,-1.55945995318323
-1.6983427443071366,-1.7180708450737459,-1.9264687028744643,-0.9361281606743952,-1.5792291229749644,-1.6637554172778102,-0.9947119358860617,-1.7144228988767936,-1.388761366764466
-1.2658553975672513,-1.232412388575573,-1.5297195693560102,-1.5992397748525726,-0.9000513503044331,-0.43646291020101985,-1.0162960387556286,-0.43018150907353936,-0.5393980649983429
0.0,0.0,0.0,-0.13697280202396758,-0.3298612830461732,0.0,0.0,0.0,-0.9209691512178981
0.0,0.0,0.0,0.0,0.0,0.0,0.0,0.0,0.0
0.0,0.0,0.0,0.0,0.0,0.0,0.0,0.0,0.0
0.0,0.0,0.0,0.0,0.0,0.0,0.0,0.0,0.0
0.0,0.0,-0.82313760754399,0.0,0.0,-0.8125992277889599,0.0,0.0,-0.5169425518288627
-0.07200211741588494,-0.9949697011588285,-1.7001586353342313,-0.2679799336359267,-0.995786772454648,-1.7538427214784036,-0.2817117457455772,-1.00648754327024,-1.2852033982346995
-1.3164535100743358,-1.6228110148703179,-1.7153243659984647,-1.2343602382923375,-1.698715094087247,-1.24631335751027,-1.2043935659833285,-1.5118957042090106,-1.4320744430290104
-0.5721024889234076,-0.9523325001155453,-0.6876786585921028,-0.9268541282064866,-0.8836269419388872,-0.4974939700760029,-0.9034399982240111,-0.4653573746121422,-0.7292676860184298
0.0,0.0,0.0,0.0,-0.7890378785403073,-0.7144683262987431,0.0,0.0,-0.21113116630248446
0.0,0.0,0.0,0.0,0.0,0.0,0.0,0.0,0.0
0.0,0.0,0.0,0.0,0.0,0.0,0.0,0.0,0.0
0.0,0.0,0.0,0.0,0.0,0.0,0.0,0.0,0.0
0.0,0.0,-0.4907239026649378,0.0,0.0,-0.9376477689667567,0.0,-0.9111899665691423,0.0
-0.22215129424780994,-0.9994804672256303,-1.7149569168306065,-0.23511745150228242,-1.0083126122683905,-1.6019786348970932,-1.0466585887127007,-1.799051839699643,-1.7029885109300889
-1.1553751559049033,-1.8002224605951223,-1.3811061113943508,-1.045660764702146,-1.5968954740141954,-1.6083957052294775,-1.8867270793447708,-1.7031865867862785,-1.6944345472116498
-1.1549863685916895,-0.9515417713189396,-0.8746068559517018,-1.2611189670393033,-1.0240999916323066,-0.9236142830476343,-1.1664045567958343,-0.9228263221908649,-1.657617156809289
0.0,0.0,-0.20971130922472117,-0.5050319516574908,-0.3254395670203737,0.0,-1.2755344173551013,0.0,-0.13513671253745682
0.0,0.0,0.0,0.0,0.0,0.0,0.0,0.0,0.0
0.0,0.0,0.0,0.0,0.0,0.0,0.0,0.0,-0.893285211364877
0.0,0.0,0.0,0.0,0.0,0.0,0.0,-0.8056060197558148,0.0
0.0,0.0,-0.9943089411829961,0.0,0.0,-0.7446347713216825,-0.7821049556399724,-0.9822185762211213,-1.5944607389958443
-0.15922641646190627,-0.9999978934425778,-1.5647483436000724,-0.14497248602962262,-0.9999996393129652,-1.6863464629464004,-1.5300688950731354,-1.8328920001257551,-1.8139058071879992
-1.2996170518390002,-1.7543862550447795,-1.8765414602737813,-1.0925400098746754,-1.843619596503052,-1.8319457705927298,-1.870889608049951,-1.8517980877815852,-1.8548054168349304
-1.4162942972639105,-1.2522010789798677,-1.061943834778068,-1.42063639759572,-1.3612454450295135,-1.1644139279219603,-1.5793315443424212,-1.6169779186657536,-1.409038207010927
-0.5426717666148442,-0.1342279181556407,-0.2083010006857008,0.0,0.0,-0.50163561181996,-0.7784610039211174,0.0,0.0
0.0,0.0,0.0,0.0,0.0,0.0,0.0,0.0,-0.9030786812092035
0.0,0.0,0.0,0.0,0.0,0.0,0.0,-0.6173775006710175,0.0
0.0,-0.5009437132753588,0.0,0.0,-0.7764936817547002,0.0,-0.6354636844711867,-0.2419171466122972,-1.0552027460697397
-0.35564409075534836,-0.4526866252635181,-1.0846925285520768,-1.1257059054129797,-1.784617986864365,-1.7090184844083962,-1.6882060129975036,-1.6218931575344995,-1.5461374225643758
-0.4907313309919335,-1.3677684463544992,-1.7421970439772807,-1.7384491228886032,-1.7860690954109917,-1.818192379807523,-1.7468065999766798,-1.640738448701299,-1.8008592508211958
-1.0722346615027454,-1.5542675674838304,-1.584874675198532,-1.7661985002101523,-1.7141331164226088,-1.792726801387081,-1.8094012302158375,-1.5762063430379851,-1.4265956544643958
-1.0418029880658097,0.0,0.0,-0.976596939412751,-0.5940800687531723,-1.572404745976613,-0.22022744756253815,-1.3630593100828172,-0.6030480299661138
-0.2447413536388901,-0.32107712309960057,-0.4982621123675852,0.0,0.0,-0.4084738933742405,0.0,-1.3619101029020624,0.0
0.0,0.0,0.0,-0.7725739402728994,-0.2504196836284772,0.0,0.0,-0.8965606075240495,0.0
0.0,0.0,0.0,-0.8955833736106404,0.0,0.0,0.0,-1.359614594443421,-0.3819322490599358
0.0,-0.7712717618023502,-0.6010168603230429,-0.2485830571246504,0.0,0.0,-0.38161023865295296,-0.8947173412373197,0.0
-0.49514081121087705,-1.3573229550794228,-0.8939629972511924,0.0,0.0,0.0,0.0,0.0,-0.24837347458326836
0.0,0.0,-0.8932092892590525,-0.600003842441967,0.0,-1.3561785842695526,0.0,-0.24816406874275304,-0.40014501565972976
0.0,-1.2068156482575112,-0.39980764991053763,0.0,0.0,0.0,-0.24795483945412644,-1.3550351782886834,0.0
0.0,-0.5989925320092094,0.0,-0.8916483422613566,0.0,0.0,-0.3994705685973481,-0.2477457865685361,-1.353892736323359
-0.24632212600898262,-0.5906880757812469,-0.40572690647152043,0.0,0.0,-1.375577323885356,0.0,0.0,-0.8908687253476857
0.0,0.0,-0.6263190258036216,0.0,0.0,-0.41121813495365156,-0.13980676736636904,-0.9674582016537198,-1.381943840876901
-1.0210072343132026,0.0,-0.410871433361102,0.0,-0.6089961431501063,-1.2707122748812312,0.0,-0.27308769296477775,0.0
-0.9551469117984933,-0.6084826931955937,0.0,-0.26394068132618537,0.0,0.0,0.0,-1.2696409262904804,-0.4108310911421971
0.0,-0.954341619114899,-0.41048471586965724,-1.2685704809630616,0.0,0.0,-0.263718150638027,-0.6079696761352114,0.0
-1.267500938137425,-0.41038108685842606,0.0,-1.2581738842098023,0.0,0.0,-0.26349580756743074,0.0,0.0
-1.1679615305124367,0.0,0.0,-1.2664322970526636,0.0,0.0,-0.5955787219249253,0.0,-0.26137147515083914
0.0,0.0,-1.265364556948512,0.0,-0.5873330755604621,0.0,-0.6343554467950022,0.0,-1.1154669179989611
0.0,0.0,0.0,0.0,-0.9511272321514357,-0.586837889926986,0.0,-0.7820210300760918,-1.367902428017385
0.0,-0.9177717596799287,-0.25906655393969574,-0.5857441353685809,0.0,-1.3726502686492494,0.0,0.0,-0.37892253957162514
-0.4439844738020091,0.0,-0.5852502893844251,0.0,0.0,-1.578966534406989,0.0,0.0,0.0
-1.7800613062375192,-1.6952992872664154,-1.6563251103469903,-1.7623616570246499,-1.7358662567873078,-1.6778297401437576,-0.9111819029640085,-0.9330878631843468,-0.9353599355567611
-1.9335302140199344,-1.9460935753614859,-2.011668961342719,-1.9552155531976136,-1.9009713153200622,-2.0055837451535146,-1.1059371080438567,-1.4280113087156179,-1.9826163403850696
-1.8556337201769664,-1.9061255631171714,-1.9310515554419174,-1.9308028286164616,-1.9677095448432982,-1.8644836698325271,-1.1916664829734531,-1.958824289031795,-1.7897109405974354
-1.2729075856493033,-1.519496400049143,-1.5100902841254369,-1.2928350992033997,-1.1989713953229417,-1.7453839292961253,-1.575981535152371,-1.5860625448199361,-1.14198400605245
0.0,-0.583383260670773,0.0,-0.6628733381886988,0.0,0.0,0.0,-0.7583700844204138,-0.4886891435383164
0.0,0.0,-0.27920603490900586,-1.3586100977446471,0.0,0.0,-0.4815653551048756,-0.2027539740987757,-0.4882771254634191
0.0,-0.878341151839807,0.0,0.0,0.0,0.0,0.0,0.0,0.0
0.0,-0.8775112482049211,-0.2756671725371413,0.0,0.0,0.0,0.0,0.0,0.0
-1.2934976905199949,-1.3078042396298315,-1.6694040405707162,-0.31231690507137977,-0.8853643117468983,-1.0302487403217222,-0.39655346443186823,-0.9889071038847983,-0.9621942221010201
-1.8454992280720046,-1.8803504621952725,-1.8186664614056351,-1.038793032757928,-1.1689853425585304,-1.9697823627272093,-1.0153126466461038,-1.1380040288607352,-1.6153821936150599
-2.0507790938048545,-2.0669324331163605,-2.048979435555674,-1.3656273210647087,-2.043025126313875,-2.1160666789202396,-1.3022211062800557,-1.8819132772247742,-1.8279777771550056
-1.8163023151718927,-1.867937997488802,-1.8365207494620104,-1.8819425021514484,-1.9233360755790856,-1.4087412484921324,-1.7693200448865098,-1.3589797630880063,-1.3166963999237866
-0.6151184172471433,0.0,0.0,0.0,-0.7532700456587959,-0.305265168330058,0.0,-0.3531852908011907,-0.4854027090841777
0.0,-1.1284654499355213,-1.3494734449378336,0.0,-0.4849934618308036,-0.12977480299785943,0.0,0.0,0.0
0.0,0.0,0.0,0.0,0.0,0.0,0.0,0.0,0.0
0.0,0.0,0.0,0.0,0.0,0.0,0.0,0.0,-0.2010510087004219
-1.6124515096549463,-1.6775350207193023,-1.031874794983005,-0.03866965187147168,-0.9533315369379542,-1.0505472790613841,-0.3973160696464774,-0.9283558258301073,-1.0206777488808516
-1.785403851403268,-1.9147086704131906,-1.8323325348854649,-1.0859005268133208,-1.2285464447661574,-1.795468977089034,-1.0998927883899747,-1.1302678795754248,-1.6609685035389212
-1.8854307397664842,-1.8733222784278312,-1.9393992506922013,-1.2418333280038965,-1.7793075197370904,-1.9698838762765265,-1.1870576830387354,-1.8386326810088345,-1.82069076074188
-1.5374123985904284,-1.7967686731624186,-1.8115084811357591,-1.6423259550710387,-1.7306601987041583,-1.242506549355041,-1.567295189108672,-1.667045628746602,-1.3750079816970922
0.0,-1.8641023714569434,-0.7672207956213237,0.0,0.0,0.0,-0.31068708382178484,0.0,0.0
0.0,-1.183482543090846,0.0,-0.2377647724677351,-0.31042514083437805,0.0,0.0,-0.7475734870890633,-0.20003610285214748
0.0,0.0,0.0,0.0,0.0,0.0,0.0,0.0,0.0
0.0,0.0,-0.48091991857426886,0.0,0.0,0.0,0.0,0.0,0.0
-0.17743604924744355,-0.9959775339984115,-1.2855590910329944,-0.10027386046764551,-0.9809807970058342,-1.0432674673005358,-0.4234741218031574,-0.9623319912405772,-1.1839751880274791
-1.0044854039371829,-1.1888194698874357,-1.6868694252102336,-1.0256046018696163,-1.084558429074679,-1.659956145557113,-1.0154355295314625,-1.153632491285537,-1.7894565471276016
-1.2562091873170291,-1.654052364510919,-1.8868652612544268,-1.2794074475514028,-1.5852805408457402,-1.6229402092601082,-1.2589719295142903,-1.9433734151971327,-1.8387051721808099
-1.263627474775278,-1.1237668227381394,-1.1404633896619025,-1.4654712602399225,-1.213122435505719,-1.100495984017057,-1.2147324614823052,-1.1978004679689784,-0.7295837064545961
0.0,-0.3237388047115702,-0.4788959953592343,0.0,0.0,-0.12814323974513664,0.0,-0.7431726307640084,-0.30859771320607016
0.0,0.0,-0.47849223397289514,-0.7425460554437001,-0.3968946749709721,-0.19869086007526685,0.0,0.0,0.0
0.0,0.0,0.0,0.0,0.0,0.0,0.0,0.0,0.0
0.0,0.0,-0.47768573215743865,0.0,0.0,-0.12781939688755314,0.0,0.0,0.0
-0.13727673437434817,-0.9842932880302702,-0.9515377999929056,-0.13292441138943775,-0.7724828886400422,-1.0559965504707036,-1.406100015166755,-1.04783879415399,-1.7424611206099054
-1.1002105135584626,-1.1534842874543914,-1.8596488673263873,-1.0574012061279747,-1.2283190820383445,-2.0152162722132863,-1.5075196165871803,-1.7949088521488734,-1.878284459012116
-1.0803990467582094,-1.8180842055236566,-1.6198282388788576,-1.3351273571496933,-2.0710918380481265,-1.808060460595404,-1.8779302682732004,-1.924956096259022,-2.032184126852379
-1.5246163192881894,-1.7997630857620595,-1.322671681659937,-1.9713912573756083,-1.7478457796621345,-1.3386595457765922,-1.893494914950547,-2.107027405853126,-1.8014258597720925
-0.2460950734479891,-0.4756754198258754,0.0,0.0,-0.7381747948771055,-0.4434989197501735,0.0,0.0,0.0
0.0,-0.7375524332757798,0.0,0.0,-0.4431760046481902,0.0,-0.31872727182129584,0.0,-1.2245884214789848
0.0,0.0,0.0,0.0,0.0,0.0,-0.22043523513331284,-0.23634920239071366,0.0
0.0,0.0,0.0,0.0,0.0,0.0,0.0,-0.8540658580104075,0.0
-0.2990411615081313,-0.9955010822870075,-1.1075933298999894,-0.132880191563213,-0.9854022987118016,-1.0672200063339643,-1.5939101632206931,-1.4212983828876153,-1.6151874274086975
-1.0223344215748913,-1.1537504331372834,-1.6921362483798883,-1.032561632030748,-1.1054436615226,-1.8207357528248995,-2.045333642534225,-1.9979508558242138,-1.8567130480903102
-1.3038612078760465,-1.9718901397840376,-2.1367323854682314,-1.2203653398013554,-2.088713553174178,-2.0112210541958087,-2.0874735377031475,-2.121776142097944,-2.0819478766633788
-1.7526030080434203,-1.6857917462646266,-1.0338981618323926,-1.654155037795247,-1.6495844432173505,-1.260950692198115,-1.9321135350860705,-1.961701450105718,-1.7996276594343783
-0.2835060158477724,0.0,-0.2702250886847891,-0.733210569436172,-0.3044610305332591,0.0,0.0,0.0,-1.2981879055660703
-0.30420433678562786,-0.4720781536066267,0.0,-0.1739846181194578,0.0,0.0,-1.3186662677992294,-0.4793660464716395,0.0
0.0,0.0,0.0,0.0,-0.37017481783165795,0.0,-0.23475975402212282,-1.317122582967778,-1.056221569234175
0.0,0.0,-0.4712824627659209,-0.571099928965617,0.0,-1.4652648105869648,0.0,0.0,0.0
-0.3736975325258627,-1.1888083755380772,-1.3414636987585233,-1.710828009830943,-1.7249004781499648,-1.8245858893980889,-2.000119303651343,-1.5614615022640663,-1.9542403450038621
-1.1286642570875483,-1.3185185019700536,-1.7617126580086344,-2.0256039876886915,-1.9815478795092107,-1.8944267419660854,-2.1022728569237903,-2.0092540889449135,-1.9978598599742745
-1.4100333079421599,-1.997495058395037,-1.8361428530505135,-1.9917206010268995,-2.013473556943681,-1.7078012943259058,-2.0086666512111786,-2.076508543187978,-2.038404874773064
-1.5060799096957176,-1.3047151396210452,-0.8955356771336034,-1.651579177958646,-1.3364781364375387,-1.4257856704588048,-1.6789946500641126,-1.6876543990057,-1.7744364351710558
0.0,0.0,-0.7282797284109616,-0.26047520284629455,0.0,0.0,-1.2871271118952747,-1.362232655313006,-0.6302578120384876
0.0,0.0,-0.12546942338482123,-1.1148627208020891,0.0,-0.4757711501360569,0.0,-0.6167332910339992,-1.3097982740942602
-0.133640080837091,0.0,0.0,-0.6071647527296551,-0.9811523415679086,-0.39681890620707405,0.0,-1.3086939738460108,0.0
0.0,-0.5672592819855771,0.0,-1.3075906025539261,0.0,-0.25628465119141147,-0.3964843447297421,0.0,-0.9668260968741871
-0.3636429892214728,0.0,-1.3064881615237913,-0.6061413725353897,0.0,-0.9349832625517381,-0.2560685753689672,0.0,0.0
-1.3053866499712947,0.0,0.0,0.0,0.0,-0.9341949700165111,-0.6078259439416809,-0.6056303294628561,0.0
0.0,-0.9334073420975889,-0.39487304364276155,0.0,0.0,-1.3042860671127858,0.0,0.0,-0.7908001566066678
-0.3887527073955308,0.0,-1.4015664119326252,0.0,0.0,-0.6046095355491247,-0.9326203782346278,0.0,0.0
-1.1219951617806152,0.0,0.0,0.0,0.0,-1.4005217842821316,0.0,0.0,-0.6040997839817012
-1.3009898834377593,0.0,-0.4918254895803479,-0.9146700202889954,-0.2606246217748151,-0.5973501243490207,0.0,0.0,0.0
-0.32303811988796954,0.0,0.0,0.0,0.0,-0.7458582849224143,-1.1104713761469531,0.0,-1.2995549309340648
-1.4596764605113621,0.0,0.0,-1.1346536030491037,0.0,-0.7452294453036847,0.0,0.0,-0.47420169756441305
0.0,0.0,0.0,0.0,-0.47410844899726323,-1.1336969667100627,-0.7403591541890246,-0.32168179140212366,-1.2973645225289347
0.0,0.0,0.0,0.0,-0.473708724032976,-0.7397349509353307,-1.1306586436453954,-1.456676837309668,0.0
0.0,0.0,-0.3191396588878436,0.0,-1.129528186116282,0.0,-0.7391112739528386,0.0,-1.5190542380924557
0.0,-1.0695420806252125,0.0,-1.2940858303783476,0.0,0.0,-1.128575871060915,-0.3188705894607508,0.0
0.0,-0.47275748114030036,0.0,-1.1275297373135595,-0.31685611439555345,0.0,-1.293236667088478,-0.7794132572747366,0.0
-1.1265791071677909,0.0,0.0,0.0,-1.0679784713015466,-1.2923429916788507,0.0,0.0,-0.3150623675686375
0.0,0.0,-0.41098011246881144,-0.5818963704538727,-1.3833558385988658,-1.1256292785065811,0.0,0.0,-0.12368316774326601
-2.1563718980342252,-2.2270904719852758,-2.173076217787737,-1.9810868575866027,-2.2064064052306063,-2.4013032779776444,-1.313156770028875,-1.4855162779600262,-1.911679496630425
-2.4488205704274866,-2.489284222452819,-2.42438951183477,-2.506598572440555,-2.446627176530665,-2.412359510530834,-1.2453906845737495,-1.9371975371528112,-2.4850895093236067
-2.4822532363184244,-2.4049335130256373,-2.475749676677187,-2.3880042300131605,-2.311704084525357,-2.3891481150892306,-1.8956100104382045,-2.3826627993394474,-2.181257808618927
-1.6602490995695907,-2.278468220068987,-2.05058342457235,-1.6544638471849407,-2.289251887769201,-1.6274314366466225,-2.1731795023985088,-1.9222347485761881,-2.0207633711299677
-0.7678264577210514,-1.2857464414613544,-0.36863527732357093,-1.1270136905425836,-0.5490033551581517,-0.3572446221951185,-0.6128718391703168,-0.9396797329151549,-0.34523290818793606
-1.126063495480344,-0.7500057855783743,0.0,0.0,-0.31657609941173537,0.0,-0.3611991635216834,-0.7136852742667372,0.0
0.0,-1.516796562132655,0.0,0.0,0.0,0.0,-0.6635730537544007,0.0,-0.8630475854531522
-0.5644466161352983,0.0,-0.45911936407012166,0.0,0.0,-0.1906463989329229,-0.12285139844934348,-0.7124823530310431,0.0
-1.5513402740018054,-1.9981740089490714,-1.8190569039754778,-0.9847906196586758,-0.9988962022624538,-1.6498942434498398,-0.9367273911522928,-0.9248822277113843,-1.331754383085688
-2.3628824087009987,-2.41052481339628,-2.400079418688418,-1.1690481582822985,-1.8140955989265939,-2.3836576613606466,-1.3973382468611597,-1.8309725799631489,-2.2855962446785085
-2.567737305370526,-2.5316565385437726,-2.542127194669149,-1.9930284750025256,-2.573220928358175,-2.32459077354257,-2.058181684445823,-2.546679017531333,-2.647914230571028
-2.337838937263345,-2.2630824294075254,-2.35186593065649,-2.095614803381692,-2.190063103437441,-1.9391865923469014,-2.2489336924366436,-2.3406056954826004,-1.5001865988133973
0.0,-0.6921600697060727,-0.36240401642357056,0.0,-0.8004333124353135,-0.634256338072512,-1.0775697602984105,-0.19255545981839692,-0.8423041456100323
-0.7528683615253776,-0.3144471251666139,0.0,0.0,-0.4568017287065255,0.0,-0.7088857408500968,0.0,-0.5507994016755551
-1.1715198443442827,0.0,0.0,0.0,-0.8860682807453649,-1.6048335233809345,-0.36649243754927135,0.0,0.0
-0.5513542297065995,-1.300922682325713,0.0,0.0,-0.45603178638071895,-0.1893643019142043,0.0,0.0,-0.12202522280386102
-1.7105069862484379,-1.386432888677355,-1.8613543239309691,-0.8994088012148359,-0.9991221432506435,-1.3958249215464955,-0.9760137531849191,-0.9628360397295637,-1.538290867669079
-2.013973975545717,-2.166845325433814,-2.457228246026135,-1.2325349909452556,-1.8299753127227742,-2.2382691684664597,-1.2448709608254251,-1.7941205606174502,-2.115322467116362
-2.4132188420011644,-2.362704767034014,-2.3743104631890577,-2.034086892142985,-2.420677664623091,-2.495512520232797,-2.1806458258645387,-2.3358196261074227,-1.9099303741283409
-2.1851180674273203,-2.2561876187026297,-2.432592245205823,-2.38005500048258,-1.9453538318122623,-1.6733461010047674,-2.1917379304477964,-1.926843543252503,-2.126535607614039
-0.9122829973169613,0.0,-1.3559798682161637,-1.0322686809014936,-0.5369004764527657,-0.704712633656971,-0.3235237516501396,-0.45411260340741677,-0.49393575857090766
0.0,-1.3719115642672821,0.0,0.0,0.0,-0.7649536378990269,0.0,-0.29919002150623286,0.0
-0.4797877864414962,0.0,0.0,0.0,-1.187404600455511,0.0,-0.7035248358661887,-1.146488970937975,0.0
0.0,-0.45296497265104896,-0.7029316879472125,0.0,0.0,0.0,0.0,-0.3777143613594772,0.0
-0.9506153703359355,-1.045521245234164,-1.6436078266511622,-0.9999245585255434,-0.9955209712323749,-1.3588969118726661,-0.9876630283708138,-1.0191478270656287,-1.4770582700669719
-1.1924931504266845,-1.7803884003398234,-2.33339757442526,-1.0609257354409865,-1.7899120631973158,-1.9784975812750878,-1.2370571652082405,-1.8166774082736943,-2.266860574208976
-1.9385071140282193,-2.3742612645190744,-2.2621632212591964,-1.7625764326475675,-2.0176967658461717,-2.0288458882152036,-2.1023619808330074,-2.274793459949571,-2.35906454551628
-2.037416843197785,-2.266750044376847,-1.270802804071479,-1.6666467988262768,-1.4527293658070761,-1.7148595418308392,-1.468988406890159,-1.7285663956614599,-1.426030131758298
-0.7890378785403073,-0.7561681930241427,-0.4510586961831002,-0.4868841757366579,-0.48487297457339296,-0.7345468565326075,-0.3638482655829411,-0.7699717781621996,-0.6324704134240204
0.0,0.0,0.0,0.0,-0.4506784046662446,0.0,-0.29041446664642945,-0.7851090175093516,0.0
-0.37189582854851344,-1.1794193046052999,0.0,-0.6987936313970401,-1.276827640895119,0.0,0.0,0.0,0.0
0.0,0.0,-0.44991878324348406,0.0,-0.18682591620019753,-0.12038950224205126,0.0,-1.2648285583205936,0.0
-0.8845549059814313,-0.9322644291246214,-1.3485767245940419,-0.9702963436879302,-1.0375817986707623,-1.452486174907301,-1.5151332634970898,-1.4014386255465725,-1.9814523606801584
-1.250749733139556,-1.7678918519278006,-2.2581428510031336,-1.2186627294516663,-1.845507420120639,-2.2908433311619514,-1.9307497346124725,-2.372894132465714,-2.3300372301054892
-2.013987133895627,-2.175462961227267,-2.0022749046963906,-1.9639145872517019,-2.299791151615949,-2.430570166618945,-2.25801974888309,-2.289838699864726,-2.3565798194430867
-1.8855548549252288,-1.8716030552610705,-1.6499817872475673,-1.8993991899458178,-1.97153998036819,-1.0312496213519045,-2.4252549217400197,-1.9686511518037477,-2.2387171555630165
-0.718696611908436,0.0,-0.2887048389449374,-0.6952661199071647,0.0,-0.11988285009681159,0.0,-0.8928169815710987,0.0
-0.4953083450052544,0.0,-1.5686748081246848,0.0,-0.44764759242820834,0.0,-0.4916965078774651,-0.3129308181054073,0.0
-0.6889277120722896,-1.5673522447259898,0.0,0.0,0.0,0.0,0.0,-0.36939482912904004,-0.8616149141761799
0.0,0.0,0.0,0.0,-0.28797522573843465,0.0,0.0,-0.3643565287470119,-0.30386495355396675
-0.9798488940360719,-0.9743982152742712,-1.2284177871530293,-0.9995857034497866,-0.962252412032437,-1.394841802865413,-1.6642018526940077,-2.1199058940622053,-2.0883180221327513
-1.2468855686478906,-1.8113097905375566,-2.4201950409364708,-1.111639057426622,-1.815553185840921,-2.353579783485364,-2.5408024694316587,-2.4566973964433956,-2.4388391074211007
-2.0144980197806768,-2.540569030073184,-2.3116469811407123,-1.9905545235559208,-2.6509653622509046,-2.7194883599723814,-2.6313622588462886,-2.6541509268778434,-2.633389712520738
-2.027946429767483,-1.990925020807048,-1.4629954338031999,-2.3754174237519217,-2.4005353199625112,-1.5176710951385648,-2.4095389739874538,-2.2632456450983707,-2.4044328333871774
-1.1451736903017,-0.13612117109083885,-0.23534317675341127,-1.0909190097259884,0.0,-0.6542995322046996,-0.4720038435803207,-1.624705215469097,-0.18057288511880734
0.0,-0.18463275670244908,-1.1948188173576415,-0.2865215262884827,0.0,-0.3551614580342012,-1.242089686181394,0.0,0.0
-0.6894264605361833,-0.3548620183143878,-0.5558869574138978,-0.44426228493647496,0.0,-0.8274551603271786,0.0,0.0,0.0
0.0,-0.18432155697359057,0.0,0.0,0.0,-1.2399961358252103,-1.0727151366069398,0.0,-0.3068773465201611
-1.3458922635006474,-1.4119377424599964,-1.937800171561434,-1.711697515688124,-2.2437235471689054,-2.1218876502104562,-2.2486816079419594,-1.9270866512256712,-1.9295538307354505
-1.4563735422239614,-1.950224080577924,-2.399432713629146,-2.454624631016801,-2.4343855468062725,-2.3536264827040676,-2.4803413557812264,-2.4344566936270384,-2.4175178460867377
-1.8667198954002937,-2.2775912467514567,-2.5700125608724154,-2.3346793966512287,-2.3530567595383487,-2.3353620742378673,-2.199253290379825,-2.3602056572864782,-2.43312522073554
-2.1579208395861276,-2.05586501390668,-1.3666996627688195,-1.4705981213816768,-1.907621801879534,-1.8127467843075802,-2.1477149273203717,-2.192083386018795,-2.341701596919962
-1.2895761149957128,-0.442019648134679,-0.13513671253745682,-0.3123520664106307,0.0,-1.4861006399192167,-0.3716540991717985,-1.23499045280221,0.0
0.0,-0.4416469775179908,0.0,0.0,-0.48115159046803563,-1.2361952943668952,-0.7473579163624311,0.0,-0.3120887196618961
-0.4412746211031467,-0.8510000499620735,0.0,-1.235153047343165,0.0,-0.7467278123913681,0.0,0.0,0.0
-0.2454119759661559,0.0,-0.7133328769545162,0.0,-1.1313050353718725,-1.3261677147986923,-0.47715374559267837,0.0,0.0
0.0,0.0,0.0,0.0,0.0,-1.8474749351858708,-0.47106632408615245,-0.31787266834095956,-0.7066791865331966
0.0,0.0,-1.0917102253471975,-0.4660327076706817,0.0,-0.9405268940745677,0.0,0.0,-1.3239324503708783
-0.3173368918624734,0.0,-0.46185785637133037,-0.7054880741045744,-1.0832453773100363,0.0,0.0,0.0,-1.258372443829779
0.0,-1.2573114990581056,-0.7048932709623337,-0.46146845998842634,-0.3170693423639672,0.0,0.0,0.0,-1.0823320836940393
-1.0772101151002498,0.0,0.0,-0.3168020184387745,0.0,0.0,-0.46107939190900554,0.0,-1.6051326355026272
0.0,0.0,-0.7237308402819732,-1.0763019098664073,0.0,-0.703705168706182,-1.2348705487303369,0.0,0.0
-1.0721579190611874,0.0,-0.7403457454287903,-1.2338294186111953,-0.7370595336749223,0.0,0.0,0.0,0.0
0.0,-1.2342243349483955,0.0,0.0,-0.3116979737182802,0.0,0.0,-1.3848630025576534,-0.7336158698566971
-1.233183749657724,0.0,0.0,0.0,0.0,-0.7329973519247783,-0.31143517844079366,-1.2176146830681518,-0.4637051928361099
-1.2165881015197015,0.0,-0.46331423894773643,-1.2309038797174192,0.0,0.0,-0.3087111141979746,-0.7323793554707172,0.0
0.0,0.0,0.0,-1.2237124859386899,0.0,-0.732053448468365,-1.1928366019410903,-0.7263652625899268,0.0
-1.222680763279509,-1.1204406371208722,0.0,0.0,-0.7314362478275324,0.0,0.0,-0.7225696062585384,0.0
0.0,0.0,-1.2212631887031267,-0.4621433538710179,0.0,-0.3137902395178713,-0.7308195675539376,-1.1194959838572438,0.0
-0.3170093024549943,0.0,-0.7302034072088547,-1.7858337660351884,-0.4617537167826843,0.0,0.0,0.0,0.0
-1.0963635524451225,0.0,0.0,-1.059275751802266,-0.3148400748181452,0.0,-1.219204741545769,0.0,0.0
-0.9593740182186191,0.0,-0.4606710030835647,0.0,-1.0834890132554793,0.0,0.0,0.0,-1.2181768194051619
-2.59772040247303,-2.600738621449546,-2.5682659022976733,-2.592149537171492,-2.5123627395558468,-2.5618233871921485,-1.5143092483036862,-2.1322530240051343,-2.522215387330893
-2.397972793668047,-2.5314758821015073,-2.557364118076172,-2.4849277849462905,-2.5870917959336275,-2.548098774144712,-1.8325062024921372,-2.5836873540444096,-2.7558527136684092
-2.5534549464853025,-2.3172536827251378,-2.2819408487515043,-2.3929578754434626,-2.4987651515398293,-2.310207165550063,-2.393099536000077,-2.801391719695416,-2.2453695469714163
-1.3270981795992105,-1.5402658194821774,-1.2869620556592285,-1.0556726043833242,-1.3478982126879406,-1.3244557047558958,-1.6562125275759816,-1.7454123270987318,-1.2435974348330547
0.0,-1.0722213758036834,0.0,-0.4583068326157168,-0.32089372863771287,-1.2099918885017695,0.0,-0.817315881008845,0.0
0.0,-0.7252927893494007,0.0,-1.2089504709492562,0.0,-0.3206231803391306,0.0,-1.2081355911540068,-0.5187478444147535
-0.45718707850177653,-0.7246812886791772,0.0,0.0,0.0,-1.5664326686154126,-1.2689650159569905,-0.3430637157870555,0.0
-1.3225905713839343,-1.3026795894862844,0.0,-0.27842142455890395,-0.14748621380505655,0.0,0.0,0.0,0.0
-2.5696402579429725,-2.5657803939499497,-2.4607176060024774,-1.3863468521567286,-1.9143470543899506,-2.2409841797595877,-1.3501339027579486,-1.9016300319793622,-2.3886628843070308
-2.6639775796219474,-2.645784673560327,-2.6634237703529364,-2.1666045069349438,-2.6605024989396715,-2.929464236956386,-2.203020912014795,-2.5282723713227777,-2.879119264980346
-2.586189868878865,-2.5385958231687655,-2.638413563560945,-2.570892374499836,-2.8673303594513713,-2.4676393967326846,-2.337657181193315,-2.6759964459298473,-1.52425636903414
-1.3650411492304508,-0.717911514878056,-1.6908843287176303,-1.238628052352686,-1.9211362524980062,-1.719265896608096,-1.4912561791291399,-1.3670977969477704,-1.5602275177324323
-0.45881945324152695,-0.34556648839331355,0.0,-0.8209211178380879,-1.4462205459088036,0.0,0.0,-1.5789180142535757,-0.8094025739825887
0.0,-0.7317510001624581,-2.2123278000306943,-0.5152592651994449,0.0,0.0,0.0,-0.34527513827600603,0.0
-1.0570775668930885,-0.5148248456234679,0.0,-0.3449840337985209,0.0,0.0,-0.8080383206070801,0.0,-1.6197913903758652
0.0,-1.4794633404430992,-0.4643936345349107,-0.4291614044694414,0.0,-0.3333416874543701,0.0,-0.12764398036876207,0.0
-2.45009260885395,-2.4856613556105907,-2.472631654599544,-1.8351228997523168,-1.9987991812203698,-2.3303575334961635,-1.3454512594629173,-1.8766281051273652,-2.334195097265112
-2.519694615465759,-2.5408194372706436,-2.455259657737631,-2.0323804876761735,-2.3109108197534165,-2.5228661284336455,-1.9099985306014067,-2.3658293156975687,-2.7519994592400927
-2.55518070145065,-2.466961643582737,-2.4648933082150033,-2.027931685325541,-2.3204659441691944,-1.481495988863097,-2.277049480836911,-2.4686928860663166,-2.400868727428995
-0.8311471509922816,-1.0909572598219808,-0.8072132348220654,-0.6637490494833447,-0.44182289463029945,-1.261987304120834,-1.294215506704579,0.0,-1.0233425937251792
0.0,-0.3132134844132882,0.0,-0.3487931933505048,-1.5580461322636836,-1.099694635704773,0.0,0.0,-0.8373307223032523
-1.4014011318597182,0.0,0.0,0.0,0.0,-1.0987674735756996,0.0,-0.5395173669299417,-1.0937819134827191
0.0,-1.0745340002222776,-1.8686703498754558,0.0,-0.3529732006725942,-0.835919395849596,0.0,0.0,0.0
-0.2746892482224478,0.0,0.0,0.0,0.0,-0.2141167559683293,-0.6615134283504749,0.0,-0.7298193405890245
-1.6452775876388088,-1.9685707846607279,-2.264427691160068,-1.1983461983557049,-1.8102895331437912,-1.936721092183447,-1.2981191780310943,-2.003987482779546,-2.1424834510421595
-2.048904725203032,-2.302959182548797,-2.5504649140060556,-1.83804061929039,-2.413698750407312,-2.6276185462886894,-2.004755403175565,-2.260530919116232,-2.6211543178910555
-2.2927283297168892,-2.316964543254901,-1.2398847951397696,-2.383285054661635,-2.1731065007786565,-2.258541264469339,-2.16629651883211,-2.408355848357719,-2.18071012569764
-1.2051263761004463,-1.2931174690993208,-0.9287844496485315,-0.6927062003317952,-0.8124226536405809,-1.796483824998894,-1.5230085100014923,-1.6898832001501203,-1.8681122821777354
-0.7943800845501332,-2.0635655163622775,-1.0438858611882782,-1.2629922346650182,-1.0489291828226142,-1.2715433636917677,-0.4714542096762513,0.0,0.0
0.0,0.0,-0.8222611494637894,0.0,-1.0405054902627198,0.0,-0.8139651281408828,0.0,-1.6063591750190904
-1.6030176872722741,0.0,-1.0396282310178875,-0.8111614068192631,-0.5359531213148048,-0.3484786492907639,0.0,0.0,0.0
0.0,0.0,0.0,-0.27284196304847513,-0.36288951339085784,-1.0191574697388808,0.0,0.0,-1.0704134123030002
-1.280640712635496,-1.8327658005423748,-2.374948881163183,-1.517476460567562,-2.14063757815206,-2.4243453320975874,-2.493067518562771,-2.459004796887336,-2.5090811041057983
-1.8617198929112708,-2.408805066255693,-2.6421515292278004,-2.207132359083814,-2.5235834941860413,-2.6282723685029845,-2.4716124365460916,-2.5722311532953435,-2.5044654153120014
-2.337502061990473,-2.3036924989584704,-2.3540431556295704,-2.4271650660259363,-2.5427321838233787,-2.111902438974979,-2.4596334907798334,-2.410147535725316,-2.5387808883569742
-0.8939786051973969,-0.7574921504116409,-0.9299454025859268,-0.6152276432202132,-0.9079353916152001,-0.4976373012486175,-1.387370220586735,-1.7591757871209817,-1.8724940814891402
-1.1525162475202735,0.0,-1.8544772899864588,0.0,0.0,-0.807066662599889,-0.8722994908107018,0.0,0.0
0.0,-1.606021968009239,0.0,-0.5302642711614262,-0.798912625746224,0.0,0.0,-1.0595324202131726,-0.3495126421573594
-0.3492179650034303,-0.529817200734183,0.0,-1.604667916894637,-0.79823905555048,-1.073534377042746,0.0,0.0,0.0
-0.4205611699803306,0.0,0.0,-0.27100710086716084,0.0,-0.3335387887634596,0.0,-0.6526459901946323,-0.29118913598853213
-1.155454553651906,-1.9440069631712742,-2.3884631436746533,-1.2079239656755927,-1.8799926969011516,-2.5166850139749264,-2.433135218033487,-2.4315116723838712,-2.474900637361462
-1.9960748788125644,-2.555138351548693,-2.875035388957597,-2.131327317078991,-2.602492933414179,-3.0667071113920574,-2.5938084306675533,-2.5983156922941135,-2.597171506386102
-2.633957530508508,-2.568491791422182,-2.1389580459950546,-2.635360701221043,-2.8599914028638422,-2.2549350372378307,-2.5419207669154478,-2.6183990231119867,-2.687620364233522
-0.8819873969128539,-1.177580235419179,-0.47168014040207346,-1.7959998932336008,-0.7732258537273438,-1.160753415580809,-2.0168405974850625,-1.6603913160658739,-1.0576107692095515
-0.50163561181996,0.0,0.0,-0.7366340509037854,-0.5172345661043993,-1.5833884621909795,-1.1411044797388354,-1.2717478956858577,0.0
0.0,-1.4621788768295876,0.0,-1.5282353513925577,0.0,-0.7886025927671833,-0.3091708955247169,0.0,0.0
-1.6251630692863155,0.0,0.0,-0.5144892648130652,-1.5081368751731994,0.0,0.0,0.0,-0.3402706735557334
-0.6780895840418759,0.0,0.0,-0.3050611716526611,-1.1633372097767298,0.0,-1.3733379260735885,-0.464237271790824,0.0
-1.3435596797709415,-2.1322128465601637,-2.521588156858616,-2.537876974069362,-2.438271816775593,-2.4783419073564366,-2.5813289277679465,-2.5452634848892477,-2.551649132496624
-2.0807337983356162,-2.5038412232826714,-2.708846798502913,-2.5003021231249676,-2.555461375999103,-2.5393244063536113,-2.5387214996567096,-2.528701907033698,-2.568922083359656
-2.280904791583464,-2.2809495883269575,-2.141860431207824,-2.530207794160187,-2.2318378769674014,-2.262398992517388,-2.241359253030359,-2.152567014131916,-2.2586909070638277
-1.1205512013088694,-0.6961444528353348,-1.7660839359522624,-0.3847612319490649,-1.6440899084126195,-1.4963974119416001,-1.7911787050548695,-0.9146562278696659,-1.9878227422328845
0.0,-1.0582124810284959,-0.5103600114358114,-0.28481246933219784,0.0,-1.4947895267347802,0.0,0.0,-0.6889236962425165
-1.1392144589689144,0.0,-0.33703949161861024,-0.4544352502609306,-1.4935292566605922,0.0,0.0,-0.664934458665237,0.0
-0.3367553306865797,-0.5094997962713106,0.0,0.0,0.0,0.0,-0.6643738466295195,-1.0967808292972143,-1.5700235866119283
0.0,0.0,-1.0958561238237114,-0.6638137072506939,0.0,-0.2840926928997665,-0.44916978349395886,-1.4286844231016658,0.0
-1.0949321979774504,-0.9978665097945751,0.0,0.0,0.0,-0.28326990849488104,0.0,0.0,-1.427479886816329
-1.0940090511011205,-0.44841270486213175,0.0,-1.4262763660860294,0.0,-0.28303108116687997,0.0,-0.6626948448700498,0.0
-1.0586291830000312,-0.4480346442036136,0.0,0.0,0.0,-1.4475424735414923,0.0,-0.28279245519628005,-0.6569734062428182
0.0,0.0,0.0,-1.4463220378695183,-1.0375784267817054,-0.6806770109716773,-0.6924744500852557,0.0,0.0
-0.4472794788565453,-0.2823158066483621,0.0,0.0,-0.6918906188428142,0.0,-1.0367036353695978,0.0,-1.445102631157493
-0.6999501351328422,-1.4834852725200516,-0.4469023736307463,-1.035829581501752,0.0,0.0,-0.2815636324741588,0.0,0.0
0.0,0.0,0.0,0.0,-1.4426669011439197,-1.4419580419820148,-0.28132624372233767,0.0,-0.446525586345649
-0.4632863547363009,-1.5213264495397645,0.0,-0.6790515903185423,0.0,0.0,0.0,-1.0542079305651124,-0.29940048339078296
-0.9056669109823724,0.0,0.0,-1.7230250800270523,0.0,0.0,-1.0841974367064842,0.0,0.0
-0.4625054825305626,0.0,0.0,0.0,-0.3007709149060416,-1.518762243777701,-0.671498559397146,0.0,-1.0832833404009146
-0.8991496843806384,0.0,0.0,0.0,-1.0685938925235436,-1.5339970004273258,-0.4587549138385849,0.0,0.0
-0.45558635774889567,-0.3002639635457359,0.0,0.0,-1.044003448108248,0.0,0.0,-0.6685947270357182,-1.514760933253174
0.0,-1.4858043823439453,0.0,-1.3090071280228484,0.0,0.0,-0.32621139225497753,0.0,-0.6680310289958452
-1.0492904938902257,0.0,0.0,-0.29975786665529086,0.0,-0.45481846393885217,-1.9220304822275447,0.0,0.0
-2.5662023821833713,-2.663637820411789,-2.5925476310287885,-2.6108817859690108,-2.65990520512146,-2.678252150442926,-1.9269345092460757,-2.237408894226369,-2.659701692980466
-2.580024602646412,-2.551938145194877,-2.549252838742097,-2.608350726263101,-2.639616574158646,-2.6166349813274192,-2.1298302643738434,-2.5984041010733607,-2.9903537619924685
-2.305614020938842,-2.3295832033935233,-2.506802868920164,-2.3734067920607163,-2.3887532053819265,-2.3982224680579045,-2.3755152754367628,-2.8587532797276234,-2.707911004053021
-1.509863343910584,-1.1677190754843434,-1.6470151009265737,-0.8881657006896069,-1.8501396298892105,-1.747763430326017,-2.001819621055921,-1.9803630869608284,-1.6823914725401223
-0.6602871576181404,0.0,0.0,-0.5288104351766127,-0.8879354219725801,-1.1567817591012837,0.0,-0.5157441307916409,-1.7514279326100959
0.0,0.0,-1.014400664792466,0.0,-0.794669809973817,-0.3325975011063217,-0.5153093024212585,0.0,-1.5533144489623565
0.0,-0.5145127835941562,-1.9165503810642672,0.0,0.0,0.0,-0.33130673015948514,-0.7939998169330186,0.0
-2.531250638796597,-2.456430621386775,-2.4106109428875775,-1.7436098793238133,-2.009385778638558,-2.6042460678720736,-1.7227824997676864,-2.093299416521145,-2.540323242461386
-2.7183138641489517,-2.7164804662084703,-2.71712842709326,-2.1005479718834867,-2.722608339049518,-3.0007403766316476,-2.2144784830776576,-2.668745064490979,-3.0776358711004907
-2.757610471125632,-2.7758584405436064,-2.788192317919544,-2.7739489714943253,-2.921138173110018,-2.9902376434308957,-2.681691788791261,-3.0243277412556826,-2.9727643559659254
-1.295903794357001,-1.8207787713997003,-2.096546026000769,-1.2328110906161325,-2.2276300427345643,-2.4224317928157157,-2.098677583898157,-1.7207305096664132,-1.114261546298292
0.0,-0.8683033163236442,-0.7906583153645496,-1.547702433261192,-1.1916136533275403,-0.5979592110479213,-1.393517423638154,-0.5077749599922096,-1.2279625979542235
-1.1494297805618936,0.0,0.0,-0.5035674879097963,-0.809721689570385,0.0,-0.3274742202264048,0.0,-1.546397551854478
-1.14257406993033,-1.036681154077239,0.0,-1.5605539957942514,0.0,0.0,-0.5000058980158342,0.0,0.0
-2.541128280477805,-2.41552625709423,-2.5166604676456563,-2.034154999981053,-2.1801756836349693,-2.6482916484764423,-1.805000496296925,-2.009590596469375,-2.535607567035645
-2.670164161182768,-2.6490436458041384,-2.6311840128005395,-2.2433612542383816,-2.588276014720626,-2.6380513070280016,-2.107922223501933,-2.6297404314823623,-2.7718565842251492
-2.4924459291810974,-2.5637048133097307,-2.7580170132636406,-2.6592851910712505,-2.5662607371871875,-2.6752247114880037,-2.4422573716030533,-2.708405335745504,-2.8192207650921643
-1.3332017900979711,-0.3378084677544842,-1.3272693810713145,-0.7334299749692167,-1.5599046413694702,-1.3044111366845244,-1.3044198235052376,-1.0706139938561527,-0.6882685653526315
0.0,-0.7977494450349295,-1.5585894721747815,-1.076988358966624,-1.189682253125832,0.0,-0.33686633927577375,0.0,-0.5054364590735656
0.0,0.0,0.0,-1.1686377316808274,-1.0760803406973098,-1.5572754118107,0.0,0.0,-0.3357789390281086
0.0,0.0,-1.1652805407725881,0.0,0.0,0.0,-1.0776125955341667,-1.5301606073740905,-0.33405906642490896
-1.9882623072355274,-2.0942619211563196,-2.5012212194899694,-1.7611843368645121,-1.9418519196547186,-2.4540025936247805,-1.8938374391715698,-1.9679337434602855,-2.429840989570237
-2.2790827367698583,-2.665045043263573,-2.64615123588663,-2.1565958095481497,-2.562891751146774,-2.6280861455964155,-2.0389830560923414,-2.5633511401266826,-2.770202598064093
-2.601799659020417,-2.4878853825063207,-2.7179334646008453,-2.5056251019390485,-2.722127932069112,-2.682528528489329,-2.5821819018531036,-2.8449832622451146,-2.8139931588516025
-1.673959510723386,-1.8152242174786466,-1.824897224895228,-1.3665437290165017,-1.8230848478952797,-2.3583979801528487,-2.107970025847256,-2.0738029226144605,-2.37946714781161
0.0,-1.2501708566398755,-1.3275908230970623,-1.457344839010225,-0.7339381167423704,-1.3455947779131954,0.0,-2.0370534853623607,0.0
0.0,0.0,-1.5224363539159196,-0.7706036946061933,0.0,-1.2875755110682465,-0.4975180635961386,0.0,0.0
-1.6882606393275084,0.0,-0.769953991916951,-1.0712688470078755,0.0,0.0,-0.49709860178181364,0.0,0.0
-1.7571362537330817,-1.988184192813716,-2.3982498119698934,-1.92631600241995,-2.024021824674202,-2.547968084468333,-2.4001452583016363,-2.507523609554627,-2.4687066799760933
-2.073863197772249,-2.4875472845241444,-2.6836671389934526,-2.2631451197244297,-2.6179283891009955,-2.7557241033846425,-2.645677767206595,-2.6711557500996896,-2.6069323073718085
-2.5609838400298557,-2.6442865839059304,-2.7795300314091356,-2.6676026486888955,-2.830373195411013,-2.728252892578206,-2.6967200184989504,-2.489293050186613,-2.7773364389603707
-1.6249341522690566,-0.8309069566151914,-2.220384509185108,-1.7075559897427781,-1.0732179446449994,-1.7750478646652235,-0.9395425165409519,-0.770784272503246,-1.6714597567836227
0.0,-0.32541581265184333,-1.223261411706515,-1.5681953169671292,-0.4933129931719889,0.0,0.0,-1.6285245192644866,0.0
-0.7660672628010423,0.0,0.0,0.0,-1.1507169209707262,0.0,-1.850823070127101,-0.32957973913718863,0.0
-0.32743972500087315,-1.1497467415083846,-0.49107336420919573,0.0,0.0,0.0,-1.6257796304490568,-0.7586591758909527,0.0
-1.7889752550747877,-2.0323163135382214,-2.6157799791975154,-1.8099091425905665,-1.9129233272226707,-2.623732520481752,-2.379813853901007,-2.674373546036142,-2.642843651220963
-2.213421330611271,-2.6967159952465294,-2.9822446143590264,-2.277971576010823,-2.742670616710695,-3.1318457447019927,-2.757518293737346,-2.743597376756013,-2.7443099488700238
-2.6889603923711203,-2.8992725495441833,-2.805925244977892,-2.6907623847139623,-2.950181129960974,-2.8724328441875944,-2.6601883268113995,-2.6673656308418954,-2.701271862514146
-2.4276004494261705,-2.1859042565546503,-1.2179193088582854,-2.135459191810133,-2.069174196766743,-1.4265461484270254,-1.874038709839689,-1.0575310625609242,-2.14315658196018
0.0,-1.1274396935494744,0.0,0.0,-1.310903509750806,0.0,-1.5780133703856145,-1.0105661578548464,-0.5027501583643932
-1.15527881892741,-1.4996947222546175,-0.322816807930875,0.0,0.0,0.0,-0.499738656988077,0.0,-0.7591164717564692
0.0,0.0,-1.0006959853271917,-1.4984303165673476,-0.4993173229721151,-1.134470827983679,0.0,0.0,0.0
-1.8678899287342337,-2.0521829035246144,-2.639316806942689,-2.6901375889465338,-2.702287501060458,-2.696108784703439,-2.6855569626576457,-2.583201398234545,-2.710564493472929
-2.006677091156019,-2.6765921824368744,-2.9923623009541047,-2.671519171890484,-2.563933747278872,-2.6582333341835658,-2.6301753172611058,-2.6088536684591315,-2.6336905722318633
-2.464479452894585,-2.717466002375449,-2.530617580020232,-2.5619084497284645,-2.4361651949854086,-2.4161329260025606,-2.5481957143087732,-2.518923597506416,-2.5224963718149223
-1.2636979968136441,-1.3169983140705466,-0.9181844353167007,-1.3817128058816093,-1.8350445476191006,-1.7396366880202345,-1.0731673435410671,-1.9555053150149164,-1.4156819293373573
0.0,-1.8987917206849052,-1.2413006133197741,-0.2827569050371384,-0.591319539778965,-1.492016056749573,-0.5756158115121537,-1.0490974555243389,0.0
0.0,0.0,-1.490855564711406,0.0,-1.1102743505644312,-0.320862079574017,-0.44555174623283444,-0.6519331426469667,0.0
-1.1053072962334136,0.0,0.0,0.0,0.0,-0.7635108479691834,-0.740953224049122,-1.6806592126302016,0.0
-0.6508343050363008,-0.44480076582666767,-0.28718681307796284,-1.0917287895931262,0.0,0.0,0.0,0.0,-1.5042417329042885
0.0,-0.4444257504254214,0.0,-1.4919903984887875,0.0,-1.0842099067107747,0.0,-0.28694468337357953,-0.6502855809629632
-0.6546027309192017,-0.2867027578108597,0.0,-0.43984552334246596,0.0,-1.0792980846111158,-1.4864569615189756,0.0,0.0
-0.6540508296531679,-1.4969954201125555,-0.4947060282369134,0.0,0.0,-1.0783881189919862,0.0,0.0,-0.2897105279518071
0.0,0.0,-0.3180473576105553,-0.4377540180407423,-1.083253444934025,0.0,0.0,-1.7664445195127296,0.0
-1.6721752419459452,0.0,-0.28872156686092915,0.0,0.0,-0.6529484226670892,0.0,-1.0823401445161438,-0.4373849438139531
-0.49345581001106975,0.0,-1.0814276141098025,-1.486321413129331,0.0,0.0,-0.2875649778115978,-0.6560074048323111,0.0
-0.47676213435123427,0.0,0.0,0.0,0.0,-1.1030403517482963,-0.31445622806846474,0.0,-1.847082080135465
-1.0921397974303826,0.0,0.0,0.0,-1.1021103688168754,-1.4819407092244419,-0.3130752684059233,0.0,0.0
0.0,0.0,-0.7377029472951835,0.0,-1.101181169962167,0.0,-0.7350701898475226,0.0,-1.4783673866860056
0.0,-1.4763657878249066,0.0,0.0,0.0,-0.3115380499546347,-0.47273227135210927,-0.7344504457657479,-1.100252754523109
-0.7330157568270143,0.0,-0.47125737366483195,0.0,-1.47482359660552,-0.3103727756322656,0.0,-1.1301474549898018,0.0
0.0,-0.47910053108473083,-1.1272841483467761,-0.7360336365558863,-0.310111097640832,0.0,-1.4735801599809888,0.0,0.0
-2.9128786432491336,-2.9727420777830553,-2.9611012163296286,-2.937259565445735,-2.977346939843736,-2.872282379268051,-2.369892221326419,-2.9248844990652656,-2.8795697180156234
-2.777217887399307,-2.819586003238519,-2.614412662459511,-2.661913106080414,-2.7036429186571933,-2.5064558246369835,-2.713887861034217,-2.817589945349206,-2.7452374793578453
-1.8811397740908915,-0.4827396292446486,-1.9922379223224265,-1.6170046828932243,-1.1049661045508534,-2.04263154622322,-1.8827438622302999,-2.1236171794121805,-2.1239322694487464
-1.1921101183446832,-2.078717314013288,-1.3787620711458006,-1.46851574838172,0.0,-1.1234872611546138,0.0,-0.7371334596258607,0.0
-1.4136808435281967,0.0,0.0,0.0,0.0,-1.1711886342463873,0.0,-0.964565140191739,-1.5548245183189593
-1.4148150993671296,-1.58578994692678,-0.3063854379994791,0.0,0.0,0.0,-0.7290458811970355,0.0,0.0
-2.982661830342917,-2.9782176900773396,-2.977324907345525,-2.4982303658758362,-2.972213413790301,-2.975960193836128,-2.462919269159018,-3.0154731299397013,-2.979493402911046
-2.890362291704555,-2.9361613994616698,-2.898752814163907,-2.9588090866517294,-2.8654250209746768,-2.953247875240562,-2.9399441095397485,-2.7993250996051047,-2.8025424612445313
-2.3169590143355094,-2.339752572126423,-2.368109824626344,-2.1696917721883655,-2.512320397956014,-2.320394223290142,-2.1842093273282046,-2.39054155324817,-2.032909727636229
-1.8017250896170962,-0.554927278013422,-1.459511388503186,-1.4941901749371453,-1.379132474518868,-0.7986121006226938,-1.4906235144807403,-0.47944570334331943,-1.3951330269774433
-1.1125463595327334,-0.3835692468404387,-1.2115465926240738,0.0,-0.9602931768345656,0.0,0.0,-1.482184624228794,-0.4790414784933893
0.0,-0.7294630904498569,0.0,0.0,-2.062144772725578,-0.4786375944489521,-0.3028768545533668,0.0,0.0
-2.9531198561411607,-2.9441238340317697,-2.9525284957038553,-2.614088201572786,-2.8592565338253717,-2.9668888715685555,-2.534729304734462,-2.9675860257241076,-2.973252655894904
-2.8293999941347785,-2.9465343719020347,-2.894691794535825,-2.810838013887423,-2.772070362598747,-3.0000118318566136,-2.659269135224949,-2.943937833272214,-2.917398622770658
-2.055330591365527,-2.102335131005115,-1.9839862097040544,-2.3022933696555237,-1.8407025379689088,-2.4405200693454185,-1.4926405433088739,-1.9291330930256012,-1.71132961744241
0.0,-0.4920161863780755,-1.4586852998655222,-1.0746199296272827,-0.40399717347264613,0.0,-0.8576371443275902,-0.9827642626317601,-1.5226665158098476
0.0,-1.073713908201381,-0.31583775672497716,-0.49210888108336287,-1.4574554695795863,0.0,0.0,0.0,-0.7423654697433414
0.0,0.0,0.0,-1.0728086506500376,-0.9812362480489258,0.0,-0.491693979797945,0.0,-1.4521277182588124
-2.690447546485602,-2.9629442680677336,-3.0827158962902494,-2.6147689000580274,-3.0839987765263417,-3.0830178836725888,-2.6216497449708376,-3.0695764670615717,-3.076904224868026
-2.862464252441195,-2.6836723753665956,-2.788709429607882,-2.6003946473787902,-2.8228543648819895,-2.7916366048570045,-2.8497247476353147,-2.580418895284421,-2.7377517725727243
-2.35207599814709,-2.574964882545402,-2.3107774135236627,-2.4320152590925925,-2.243747216645874,-2.4247153096459293,-2.3543098813826564,-2.5434841092587557,-2.616678497435265
-1.5437315034023027,-0.9355253639347262,-1.6254949374791603,-0.9808734505089889,-1.1804145223741416,-1.5970094152627223,-1.1724395648742953,-1.4449178925877517,-1.6968987396319686
0.0,0.0,-1.3926925403706107,-0.7557081579422327,-1.443699669722848,0.0,-0.3126752556904617,0.0,0.0
-1.0722489055567994,0.0,0.0,0.0,-0.7550710138097374,-0.4892119077164176,-0.3110114229383402,-1.4422115555429789,0.0
-2.536105600596479,-3.0077205495216273,-2.9734173246345295,-2.614246291227862,-2.8973141688538875,-3.0188095311560743,-2.979019502751024,-2.9322047557416533,-2.977036513663231
-2.965504101220979,-2.873036655278427,-2.8083091884714686,-2.897921815892567,-2.819064642884414,-2.8331186249236544,-2.8466285330862964,-2.7765380230608963,-2.8481938789448984
-1.210953662342989,-1.7535803001715566,-1.0810341816867866,-0.3446854516780342,-1.7196162925438885,-0.6975995806033928,-1.3577236418006544,-1.348778109682731,-1.3885726609341684
0.0,-1.4371991730610065,0.0,-1.1319164389683176,-0.495491421291499,-1.2770710376552254,-0.31234719527023497,0.0,-0.7438487641142404
-0.4932122338123549,0.0,-1.1309621103561622,0.0,0.0,0.0,-1.598282941300961,-0.3120838526284013,-0.7432216187400132
-0.7425950021175155,0.0,0.0,-0.31562168367366034,0.0,0.0,-0.4927964022806376,-1.5992969633305916,-1.1089865765367
-2.5822775517437657,-3.0136429929004156,-3.0496823147048837,-2.581465237258696,-3.048737705483086,-3.0479394230702495,-3.043146879886298,-3.0427597609704358,-3.0494440889993273
-2.8268661490707023,-2.826852467315566,-2.9439044532589564,-2.869060321709308,-2.9123781510431304,-2.874079998461932,-2.9163478341015234,-2.8605097941369113,-2.9406083758625003
-2.3615044446458704,-2.135258535053896,-2.212046941486788,-1.8011409647667747,-2.2997687318167923,-2.3541588915510525,-2.3311626279831277,-2.2130057196881716,-1.9735259302564945
-0.4706950715351835,0.0,-2.0217072142146404,0.0,-2.2251659483812083,0.0,-0.7052442438855322,-0.31269239340227484,-0.39857318685876825
-0.4702982244191755,0.0,-1.5143510273110885,0.0,-0.37560718634712004,-0.7046496463186736,-0.3108160695108975,0.0,-1.0709924358234537
-0.7290025690106173,0.0,0.0,0.0,-0.4685297667531111,-1.4640290759839756,-1.0642377084761097,0.0,-0.3091069553701644
-2.5718385080263486,-2.9979860569102104,-2.9720845723876055,-2.989977213379093,-2.9377687643709507,-2.948327979974972,-2.9857841194877874,-2.9098208918534487,-2.980412599425139
-2.6985892531825137,-2.753569766254194,-2.715230429629814,-2.786399821926479,-2.793624944323268,-2.76472798917849,-2.6985032423672037,-2.7357215611429786,-2.78392254378881
-2.3607626171261433,-2.5056061238276426,-2.0351320924607377,-2.1061591410127303,-2.2160570478996475,-2.2062129747595605,-2.4416937418461857,-2.3289911719414733,-1.567711496319558
-1.7810831834044074,-1.1014848037008642,-1.0784058948082356,-0.3648045874256207,-1.4388957532790305,-1.4581501035492397,-0.8401137310598481,0.0,-1.6695446828216445
-1.381783287142182,0.0,0.0,-1.437682607732249,0.0,0.0,0.0,-0.3096798880447005,-0.7127020851650084
-0.4625438558891513,0.0,-0.30831871198041927,-1.4364704849990486,-0.7098169877161106,-1.0792680167967192,0.0,0.0,0.0
-0.7092185348290858,0.0,0.0,-1.0783580765280258,0.0,-1.53061766302078,-0.3069916979770392,0.0,-0.46157502906380377
-1.0774489034379013,0.0,-1.5306081502049156,0.0,0.0,-0.707039928210756,-0.3057746687431046,-0.461185871135067,0.0
-0.3046207988607483,-1.071686691354593,0.0,-0.4603101194771372,0.0,-0.7054705463588041,0.0,0.0,-1.567711496319558
-1.5663897450974391,-0.7178468441480566,0.0,0.0,0.0,-0.7048757579943585,-1.0677545418836905,0.0,0.0
0.0,-0.3041073584956515,-1.7725427613340359,0.0,0.0,-1.0668543087260138,-0.7035458642782206,0.0,0.0
